4001 
4002 
4004 
4005 
4006 
4007 
4010 
4011 
4014 
4027 
4070 
4083 
6000 
6001 
6002 
6003 
6004 
6005 
6006 
6007 
6008 
6012 
6013 
6014 
6015 
6016 
6018 
6019 
6020 
6021 
6022 
6023 
6025 
6026 
6027 
6028 
6029 
6030 
6031 
6032 
6035 
6038 
6039 
6044 
6045 
6046 
6050 
6051 
6052 
6053 
6058 
6059 
6060 
6063 
18005 
18006 
18008 
18012 
18016 
18025 
18026 
18027 
18028 
18032 
18033 
18034 
18035 
18048 
18051 
18054 
18068 
18102 
18110 
18113 
18114 
18115 
18116 
18117 
18118 
18119 
18120 
18121 
18122 
18124 
18125 
18126 
18127 
18128 
18129 
18130 
18131 
18132 
18133 
18134 
18135 
18136 
18137 
18138 
18139 
18141 
18142 
18143 
18145 
18148 
18152 
18154 
18155 
18158 
18159 
18160 
18161 
18162 
18163 
18164 
18165 
18166 
18167 
18168 
18169 
18170 
18171 
18172 
19000 
19001 
19002 
19003 
19004 
19007 
19011 
19012 
19014 
19015 
19016 
19019 
19020 
19021 
22001 
22019 
22021 
22022 
22023 
22025 
22026 
22027 
22028 
22029 
22030 
22031 
22032 
22033 
22034 
22035 
22042 
22095 
22103 
22104 
22117 
22126 
22127 
22134 
32021 
32022 
32023 
32024 
32025 
32026 
32027 
32028 
32029 
32030 
32031 
32032 
32033 
32034 
32035 
32036 
32037 
32038 
32039 
32040 
32041 
32042 
32043 
32044 
32045 
32046 
32047 
32048 
32049 
32050 
32051 
32052 
32053 
32054 
32055 
32056 
32057 
32058 
32059 
32060 
32061 
32062 
32063 
32064 
32065 
32066 
32067 
32068 
32069 
32070 
32071 
32072 
32073 
32074 
32075 
32076 
32077 
32078 
32079 
32080 
32081 
32082 
32083 
33000 
33001 
33002 
33003 
33004 
33005 
33006 
33007 
33008 
33009 
33010 
33011 
35001 
35004 
35009 
35012 
35014 
35015 
36000 
36001 
36004 
36005 
36006 
36007 
36008 
36010 
36011 
36012 
36013 
36014 
36015 
36016 
36029 
36042 
36051 
36058 
36066 
36068 
36084 
36085 
36116 
36130 